File Type,Count
md,1
NONE,1
py,2
